2	2	2	2	1	2	2	2	2	2	2	1	2	1	1	2	1	2	2	2	2	1	2		212090T1A_337-CHPv6_week24run3-21
2	2	1	2	2	2	2	2	2	1	2	2	2	2	2	2	2	2	2	2	2	2	2		212228T1B_337-CHPv6_week24run3-21
1	2	2	2	1	1	2	2	2	2	1	1	2	2	2	1	.	1	2	2	1	2	2		212275T1Ax_337-CHPv6_week24run3-21
.	.	.	.	.	.	.	.	.	2	.	.	.	.	.	.	.	2	.	1	.	.	.		212276T2A_337-CHPv6_week24run3-21
2	2	2	2	2	2	2	1	1	2	1	2	2	2	1	1	2	2	1	1	2	1	2		212277T1B_337-CHPv6_week24run3-21
2	2	2	2	2	2	1	2	2	2	2	2	2	2	1	1	1	2	2	2	2	2	2		212285T1A_337-CHPv6_week24run3-21
1	2	2	2	2	2	2	2	1	2	2	1	1	1	2	1	2	2	2	1	2	1	1		212286T1A_337-CHPv6_week24run3-21
2	2	2	2	2	2	1	1	2	2	2	1	1	2	2	2	1	2	2	1	2	2	1		212287T1B_337-CHPv6_week24run3-21
2	1	2	2	2	2	2	1	2	2	2	2	2	2	2	2	2	2	2	2	2	2	2		212288T1A_337-CHPv6_week24run3-21
2	2	2	2	2	1	2	2	2	2	2	1	2	2	2	2	2	2	2	1	2	2	2		212290T1A_337-CHPv6_week24run3-21
2	2	2	1	1	2	2	1	1	2	2	1	2	2	2	2	1	2	2	2	2	2	1		212291T1A_337-CHPv6_week24run3-21
2	2	2	1	2	2	2	2	1	2	1	2	2	2	2	2	2	1	2	2	2	2	2		212292Ty_337-CHPv6_week24run3-21
1	1	2	2	2	2	2	1	2	1	2	2	2	2	2	2	2	1	2	2	1	2	1		212299T1A_337-CHPv6_week24run3-21
2	2	2	2	2	2	2	2	2	2	2	2	2	2	2	2	2	2	2	1	2	2	2		212302T1A_337-CHPv6_week24run3-21
1	2	2	2	2	2	2	2	1	2	2	2	1	2	2	2	2	1	1	1	2	2	2		212306T1A_337-CHPv6_week24run3-21
2	2	1	2	2	2	1	2	2	2	2	2	1	2	2	1	2	2	1	2	2	1	2		212308T2A_337-CHPv6_week24run3-21
2	1	2	2	2	2	.	1	2	2	2	2	1	2	2	2	.	2	2	2	2	1	2		212310T1A_337-CHPv6_week24run3-21
2	2	1	2	1	1	2	2	2	2	1	2	2	2	2	2	2	2	2	2	2	2	1		212313T1A_337-CHPv6_week24run3-21
1	2	1	2	2	2	2	2	2	2	2	2	2	2	2	1	2	2	2	1	1	2	2		212318T1A_337-CHPv6_week24run3-21
1	1	2	1	2	2	2	2	2	1	1	2	2	2	1	1	2	1	2	2	1	2	1		212319T1A_337-CHPv6_week24run3-21
2	2	2	2	1	2	2	2	2	2	2	1	1	2	2	2	2	2	2	2	1	1	2		212320T1A_337-CHPv6_week24run3-21
.	2	.	.	.	.	.	.	.	.	.	.	.	.	.	.	.	.	.	.	.	.	.		NegatievecontroleN_337-CHPv6_week24run3-21
